<?xml version="1.0"?>
<opencv_storage>
<R type_id="opencv-matrix">
  <rows>3</rows>
  <cols>3</cols>
  <dt>d</dt>
  <data>
    9.9909112135248801e-01 3.8164852231496106e-02 1.8983553112527772e-02
    -3.8130461243704096e-02 9.9927041244472214e-01
    -2.1704234373218561e-03 -1.9052536838187084e-02
    1.4445991495785477e-03 9.9981744032264541e-01</data></R>
<T type_id="opencv-matrix">
  <rows>3</rows>
  <cols>1</cols>
  <dt>d</dt>
  <data>
    -9.0432196227246379e+01 2.0939282075270977e+00
    2.5306594208316566e+00</data></T>
<Rl type_id="opencv-matrix">
  <rows>3</rows>
  <cols>3</cols>
  <dt>d</dt>
  <data>
    9.9984788161902360e-01 1.4976768045071890e-02
    -8.9392416275160674e-03 -1.4986240011611529e-02
    9.9988720637488748e-01 -9.9354825638482561e-04
    8.9233531962696795e-03 1.1273627399844030e-03 9.9995955059241637e-01</data></Rl>
<Rr type_id="opencv-matrix">
  <rows>3</rows>
  <cols>3</cols>
  <dt>d</dt>
  <data>
    9.9934102879978370e-01 -2.3139417778648717e-02
    -2.7965612853198703e-02 2.3169067065310668e-02
    9.9973128977680803e-01 7.3659522335519441e-04 2.7941053822520247e-02
    -1.3840469880350449e-03 9.9960861437125581e-01</data></Rr>
<P1 type_id="opencv-matrix">
  <rows>3</rows>
  <cols>4</cols>
  <dt>d</dt>
  <data>
    6.5734228505515989e+02 0. 3.1964728927612305e+02 0. 0.
    6.5734228505515989e+02 2.3690752983093262e+02 0. 0. 0. 1. 0.</data></P1>
<P2 type_id="opencv-matrix">
  <rows>3</rows>
  <cols>4</cols>
  <dt>d</dt>
  <data>
    6.5734228505515989e+02 0. 3.1964728927612305e+02
    -5.9484104822523441e+04 0. 6.5734228505515989e+02
    2.3690752983093262e+02 0. 0. 0. 1. 0.</data></P2>
<Q type_id="opencv-matrix">
  <rows>4</rows>
  <cols>4</cols>
  <dt>d</dt>
  <data>
    1. 0. 0. -3.1964728927612305e+02 0. 1. 0. -2.3690752983093262e+02 0.
    0. 0. 6.5734228505515989e+02 0. 0. 1.1050721651042811e-02 0.</data></Q>
</opencv_storage>
